url_path,views_total,views_unique
/ChameleonTartu/railway-oriented-programming-presentation/tree/master/src/main/kotlin/no/example/service/deadendfunctions,3,1
/ChameleonTartu/railway-oriented-programming-presentation/blob/master/src/main/kotlin/no/example/service/supervisoryfunctions/SentryLoginResult.kt,2,1
/ChameleonTartu/railway-oriented-programming-presentation,1,1
/ChameleonTartu/railway-oriented-programming-presentation/blob/master/src/main/kotlin/no/example/service/deadendfunctions/HtmlParser.kt,1,1
/ChameleonTartu/railway-oriented-programming-presentation/blob/master/src/main/kotlin/no/example/service/deadendfunctions/HtmlParserResult.kt,1,1
/ChameleonTartu/railway-oriented-programming-presentation/blob/master/src/main/kotlin/no/example/service/singletrackfunctions/ComplexNumber.kt,1,1
/ChameleonTartu/railway-oriented-programming-presentation/tree/master/src/main/kotlin,1,1
/ChameleonTartu/railway-oriented-programming-presentation/tree/master/src/main/kotlin/no,1,1
/ChameleonTartu/railway-oriented-programming-presentation/tree/master/src/main/kotlin/no/example,1,1
/ChameleonTartu/railway-oriented-programming-presentation/tree/master/src/main/kotlin/no/example/service,1,1
