url_path,views_total,views_unique
/ChameleonTartu/railway-oriented-programming-presentation,10,7
/ChameleonTartu/railway-oriented-programming-presentation/blob/master/README.md,7,6
/ChameleonTartu/railway-oriented-programming-presentation/blob/master/src/main/kotlin/no/example/service/throwexceptionsfunctions/DownloadPage.kt,5,4
/ChameleonTartu/railway-oriented-programming-presentation/blob/master/src/main/kotlin/no/example/service/singletrackfunctions/ComplexNumber.kt,3,3
/ChameleonTartu/railway-oriented-programming-presentation/blob/master/src/main/kotlin/no/example/service/deadendfunctions/HtmlParserResult.kt,2,2
/ChameleonTartu/railway-oriented-programming-presentation/blob/master/src/main/kotlin/no/example/service/singletrackfunctions/ComplexNumberResult.kt,2,2
/ChameleonTartu/railway-oriented-programming-presentation/blob/master/src/main/kotlin/no/example/service/supervisoryfunctions/SentryLogin.kt,2,2
/ChameleonTartu/railway-oriented-programming-presentation/blob/master/src/main/kotlin/no/example/service/supervisoryfunctions/SentryLoginResult.kt,2,1
/ChameleonTartu/railway-oriented-programming-presentation/tree/master/src/main/kotlin/no/example/service/throwexceptionsfunctions,2,1
/ChameleonTartu/railway-oriented-programming-presentation/blob/master/src/main/kotlin/no/example/Application.kt,1,1
